1	1
2	2
3	3
4	4
5	5
6	6
7	7
8	8
9	9
10	10
11	11
12	12
13	13
14	14
15	15
16	16
17	17
18	18
19	19
20	20
21	21
22	22
23	23
24	24
25	25
26	26
27	27
28	28
29	29
30	30
31	31
32	32
33	33
34	34
35	35
36	36
37	37
38	38
39	39
40	40
41	41
42	42
43	43
44	44
45	45
46	46
47	47
48	48
49	49
50	50
51	51
52	52
53	53
54	54
55	55
56	56
57	57
58	58
59	59
60	60
61	61
62	62
63	63
64	64
65	65
66	20
67	67
68	68
69	69
70	70
71	71
72	72
73	73
74	74
75	75
76	76
77	77
78	78
79	79
80	80
81	81
82	82
83	83
84	84
85	85
86	86
87	87
88	88
89	89
90	90
91	91
92	92
93	93
94	94
95	95
96	96
97	97
98	98
99	99
100	100
101	101
102	102
103	103
104	104
105	105
106	106
107	107
108	108
109	109
110	110
111	111
112	112
113	113
114	114
115	115
116	116
117	117
118	118
119	119
120	120
121	121
122	122
123	123
124	124
125	125
126	126
127	127
128	128
129	129
130	130
131	131
132	132
133	189
134	134
135	135
136	136
137	137
138	138
139	139
140	140
141	141
142	142
143	143
144	144
145	145
146	146
147	147
148	148
149	149
150	150
151	151
152	152
153	153
154	154
155	155
156	156
157	157
158	158
159	159
160	160
161	161
162	162
163	163
164	164
165	165
166	166
167	167
168	168
169	169
170	170
171	171
172	172
173	173
174	174
175	175
176	176
177	177
178	178
179	179
180	180
181	181
182	182
183	183
184	184
185	302
186	821
187	820
188	820
189	820
190	821
191	821
192	192
193	193
194	193
195	193
196	196
197	196
198	196
199	350
200	200
201	203
202	201
203	202
204	204
205	205
206	206
207	207
208	208
209	209
210	210
211	211
212	212
213	213
214	214
215	215
216	216
217	217
218	218
219	219
220	220
221	221
222	222
223	223
224	224
225	225
226	226
227	227
228	228
229	229
230	230
231	231
232	232
233	233
234	234
235	235
236	236
237	237
238	238
239	239
240	240
241	241
242	242
243	243
244	244
245	245
246	246
247	247
248	248
249	249
250	250
251	251
252	252
253	253
254	254
255	255
256	256
257	257
258	258
259	259
260	260
261	261
262	262
263	263
264	264
265	265
266	266
267	267
268	268
269	269
270	270
271	271
272	272
273	804
274	274
275	275
276	276
277	277
278	274
279	275
280	276
281	277
282	282
283	283
284	284
285	285
286	286
287	287
288	288
289	289
290	290
291	291
292	292
293	293
294	294
295	295
296	296
297	297
298	298
299	299
300	300
301	301
302	302
303	303
304	304
305	305
306	306
307	307
308	308
309	309
310	310
311	311
312	312
313	313
314	314
315	315
316	316
317	317
318	318
319	319
320	320
321	321
322	322
323	323
324	324
325	325
326	326
327	327
328	328
329	329
330	330
331	331
332	332
333	333
334	334
335	335
336	336
337	337
338	338
339	339
340	340
341	341
342	342
343	343
344	344
345	345
346	346
347	1211
348	348
349	349
350	350
351	351
352	352
353	353
354	354
355	355
356	356
357	357
358	358
359	359
360	360
361	361
362	362
363	363
364	364
365	365
366	366
367	367
368	368
369	369
370	370
371	371
372	372
373	373
374	374
375	375
376	705
377	706
378	704
379	719
380	316
381	315
382	317
383	318
384	713
385	715
386	714
387	712
388	320
389	319
390	321
391	322
392	392
393	393
394	394
395	395
396	396
397	397
398	398
399	399
400	400
401	401
402	402
403	403
404	404
405	405
406	406
407	407
408	408
409	409
410	410
411	411
412	412
413	413
414	414
415	415
416	416
417	417
418	418
419	419
420	420
421	421
422	422
423	423
424	424
425	425
426	426
427	427
428	428
429	429
430	397
431	399
432	361
433	362
434	363
435	371
436	372
437	373
438	366
439	367
440	368
441	441
442	442
443	428
444	444
445	445
446	446
447	447
448	448
449	449
450	450
451	451
452	452
453	453
454	454
455	455
456	456
457	457
458	458
459	459
460	460
461	461
462	462
463	463
464	464
465	465
466	466
467	467
468	468
469	469
470	470
471	471
472	472
473	473
474	474
475	475
476	476
477	477
478	478
479	479
480	480
481	481
482	482
483	483
484	457
485	457
486	478
487	478
488	479
489	479
490	480
491	480
492	481
493	481
494	482
495	482
496	483
497	483
498	498
499	499
500	500
501	501
502	502
503	503
504	504
505	505
506	506
507	507
508	508
509	509
510	510
511	511
512	512
513	513
514	514
515	515
516	516
517	517
518	518
519	519
520	520
521	521
522	522
523	523
524	524
525	525
526	526
527	527
528	528
529	529
530	530
531	531
532	532
533	533
534	534
535	535
536	536
537	537
538	538
539	539
540	540
541	541
542	542
543	543
544	544
545	545
546	546
547	547
548	547
549	547
550	550
551	550
552	550
553	553
554	553
555	553
556	556
557	556
558	556
559	559
560	559
561	559
562	562
563	562
564	562
565	565
566	565
567	565
568	568
569	568
570	568
571	571
572	571
573	571
574	574
575	574
576	574
577	577
578	577
579	577
580	580
581	580
582	580
583	583
584	583
585	583
586	586
587	586
588	586
589	589
590	589
591	589
592	589
593	589
594	589
595	589
596	589
597	589
598	589
599	599
600	450
601	451
602	452
603	453
604	458
605	459
606	460
607	461
608	462
609	463
610	464
611	465
612	466
613	467
614	468
615	469
616	470
617	471
618	472
619	473
620	474
621	475
622	476
623	477
624	450
625	451
626	452
627	453
628	458
629	459
630	460
631	461
632	462
633	463
634	464
635	465
636	466
637	467
638	468
639	469
640	470
641	471
642	472
643	473
644	474
645	475
646	476
647	477
648	446
649	454
650	455
651	456
652	446
653	454
654	455
655	456
656	599
657	599
658	599
659	599
660	599
661	599
662	599
663	599
664	599
665	665
666	665
667	665
668	668
669	668
670	668
671	671
672	671
673	671
674	674
675	674
676	674
677	677
678	677
679	677
680	680
681	680
682	680
683	683
684	683
685	683
686	686
687	686
688	686
689	689
690	689
691	689
692	692
693	692
694	692
695	695
696	695
697	695
698	698
699	698
700	700
701	701
702	702
703	703
704	704
705	705
706	706
707	707
708	708
709	709
710	710
711	711
712	712
713	713
714	714
715	715
716	716
717	717
718	718
719	719
720	720
721	721
722	722
723	723
724	724
725	725
726	698
727	727
728	727
729	727
730	730
731	730
732	730
733	733
734	733
735	733
736	736
737	736
738	736
739	739
740	739
741	739
742	742
743	742
744	742
745	745
746	745
747	745
748	748
749	748
750	748
751	751
752	751
753	751
754	263
755	299
756	266
757	300
758	269
759	301
760	77
761	292
762	85
763	290
764	93
765	294
766	106
767	298
768	119
769	296
770	132
771	272
772	725
773	414
774	720
775	412
776	303
777	416
778	535
779	307
780	313
781	305
782	782
783	782
784	782
785	785
786	785
787	785
788	788
789	788
790	788
791	791
792	791
793	791
794	794
795	794
796	794
797	797
798	797
799	797
800	800
801	801
802	802
803	803
804	805
805	805
806	805
807	807
808	807
809	807
810	810
811	810
812	810
813	813
814	813
815	813
816	816
817	816
818	816
819	819
820	819
821	819
822	822
823	822
824	822
825	825
826	825
827	825
828	828
829	828
830	828
831	831
832	831
833	831
834	834
835	834
836	834
837	837
838	837
839	837
840	840
841	840
842	840
843	843
844	843
845	843
846	846
847	846
848	846
849	849
850	849
851	849
852	852
853	852
854	852
855	855
856	855
857	855
858	858
859	858
860	858
861	861
862	861
863	861
864	864
865	864
866	864
867	867
868	867
869	867
870	870
871	870
872	870
873	873
874	873
875	873
876	876
877	876
878	876
879	879
880	879
881	879
882	302
883	1168
884	800
885	801
886	802
887	803
888	888
889	889
890	889
891	889
892	892
893	892
894	892
895	895
896	895
897	895
898	898
899	898
900	900
901	901
902	902
903	903
904	904
905	905
906	906
907	907
908	908
909	909
910	910
911	911
912	912
913	913
914	914
915	898
916	895
917	898
918	889
919	892
920	920
921	315
922	316
923	317
924	318
925	925
926	925
927	925
928	934
929	929
930	930
931	934
932	934
933	933
934	933
935	933
936	936
937	936
938	936
939	939
940	354
941	357
942	302
943	943
944	350
945	354
946	357
947	292
948	290
949	294
950	950
951	951
952	951
953	951
954	951
955	955
956	955
957	955
958	955
959	959
960	959
961	959
962	959
963	963
964	963
965	963
966	963
967	660
968	588
969	969
970	969
971	971
972	971
973	973
974	973
975	973
976	976
977	976
978	976
979	444
980	921
981	981
982	981
983	981
984	981
985	4000
986	4000
987	4000
988	4000
989	281
990	990
991	991
992	992
993	280
994	279
995	995
996	996
997	997
998	259
999	302
1000	1000
1001	1001
1002	1002
1003	1003
1004	1004
1005	1005
1006	1006
1007	1007
1008	1008
1009	1009
1010	1010
1011	1011
1012	1012
1013	1013
1014	1014
1015	1015
1016	1016
1017	1017
1018	1018
1019	1019
1020	1020
1021	1021
1022	1022
1023	1023
1024	1024
1025	1025
1026	1026
1027	1027
1028	1028
1029	1029
1030	1030
1031	1031
1032	1032
1033	1033
1034	1034
1035	1035
1036	1036
1037	1037
1038	1038
1039	1039
1040	1040
1041	1041
1042	1042
1043	1043
1044	1044
1045	1045
1046	1046
1047	1047
1048	1048
1049	1049
1050	1050
1051	1051
1052	1052
1053	1053
1054	1054
1055	1055
1056	1056
1057	1057
1058	1058
1059	1059
1060	1044
1061	1044
1062	1044
1063	1044
1064	1044
1065	1044
1066	1044
1067	1044
1068	1044
1069	1044
1070	1044
1071	1044
1072	1072
1073	1073
1074	2138
1075	1053
1076	1011
1077	1077
1078	1078
1079	1079
1080	1080
1081	1081
1082	1082
1083	1083
1084	1084
1085	1085
1086	1086
1087	1087
1088	1088
1089	1089
1090	1090
1091	1091
1092	1092
1093	1093
1094	1094
1095	1095
1096	1093
1097	1097
1098	1098
1099	1099
1100	1100
1101	1101
1102	1102
1103	1103
1104	1102
1105	1102
1106	1106
1107	1107
1108	1108
1109	1109
1110	1110
1111	1111
1112	1112
1113	1113
1114	2144
1115	1115
1116	1116
1117	1117
1118	1118
1119	1119
1120	1120
1121	1102
1122	1122
1123	1123
1124	1124
1125	1125
1126	1126
1127	1127
1128	1128
1129	1129
1130	1130
1131	1131
1132	1132
1133	1133
1134	1134
1135	1135
1136	1136
1137	1137
1138	1138
1139	1139
1140	1140
1141	1141
1142	1142
1143	1143
1144	1144
1145	1145
1146	1146
1147	1146
1148	1146
1149	1149
1150	1150
1151	1151
1152	1152
1153	1153
1154	1154
1155	1155
1156	1156
1157	1157
1158	1158
1159	1159
1160	1160
1161	1161
1162	1162
1163	1163
1164	1164
1165	1165
1166	1166
1167	1167
1168	1168
1169	1169
1170	1170
1171	1171
1172	1172
1173	1173
1174	1174
1175	1175
1176	1176
1177	1177
1178	1178
1179	1179
1180	1180
1181	1181
1182	1135
1183	1136
1184	1102
1185	1102
1186	1102
1187	1149
1188	1188
1189	1189
1190	1190
1191	1191
1192	1192
1193	1193
1194	1194
1195	1195
1196	1196
1197	1370
1198	1198
1199	1199
1200	1200
1201	1201
1202	1202
1203	1203
1204	1204
1205	1205
1206	1206
1207	1207
1208	1208
1209	1209
1210	1210
1211	347
1212	1212
1213	1213
1214	1214
1215	1215
1216	1216
1217	1217
1218	1218
1219	1219
1220	1220
1221	1221
1222	1222
1223	1223
1224	1224
1225	1225
1226	1226
1227	1227
1228	1228
1229	1229
1230	1230
1231	1231
1232	1232
1233	1233
1234	1234
1235	1235
1236	1236
1237	1237
1238	1238
1239	1239
1240	1240
1241	1241
1242	1242
1243	1243
1244	1244
1245	1245
1246	1246
1247	1247
1248	1248
1249	1249
1250	1250
1251	1251
1252	1252
1253	1253
1254	1254
1255	1255
1256	1256
1257	1257
1258	1258
1259	1259
1260	1260
1261	1261
1262	1262
1263	1263
1264	1264
1265	1265
1266	1266
1267	1267
1268	1268
1269	1269
1270	1270
1271	1271
1272	1272
1273	1272
1274	1272
1275	1275
1276	1275
1277	1275
1278	1278
1279	1278
1280	1278
1281	1281
1282	1281
1283	1281
1284	1284
1285	10120
1286	10119
1287	1287
1288	1288
1289	1289
1290	1290
1291	1291
1292	1292
1293	1293
1294	1294
1295	1295
1296	1296
1297	1297
1298	1189
1299	1299
1300	1300
1301	1301
1302	1302
1303	1160
1304	1205
1305	1215
1306	327
1307	1154
1308	1308
1309	1168
1310	1216
1311	1311
1312	1312
1313	1313
1314	1314
1315	1315
1316	1316
1317	1095
1318	1095
1319	1095
1320	1095
1321	1209
1322	1241
1323	1178
1324	1324
1325	1202
1326	1315
1327	1102
1328	1102
1329	1102
1330	1102
1331	1221
1332	1332
1333	1333
1334	1334
1335	1335
1336	1336
1337	1337
1338	1338
1339	1339
1340	1340
1341	1341
1342	1342
1343	1343
1344	1344
1345	1345
1346	1346
1347	1347
1348	1348
1349	1349
1350	1350
1351	1351
1352	1352
1353	1353
1354	1354
1355	1355
1356	1356
1357	1102
1358	1102
1359	1102
1360	1102
1361	2937
1362	1362
1363	1363
1364	1364
1365	1365
1366	1366
1367	1367
1368	1368
1369	1369
1370	1370
1371	1371
1372	1372
1373	1370
1374	1374
1375	1375
1376	1376
1377	1377
1378	1378
1379	1379
1380	1498
1381	1381
1382	1382
1383	1383
1384	1384
1385	1427
1386	1386
1387	1387
1388	1388
1389	1389
1390	1390
1391	1391
1392	1392
1393	1393
1394	1394
1395	1395
1396	1396
1397	1397
1398	1398
1399	1399
1400	1400
1401	1401
1402	1402
1403	1403
1404	1404
1405	1405
1406	1406
1407	1407
1408	1408
1409	1409
1410	1410
1411	1253
1412	1168
1413	1399
1414	1399
1415	1399
1416	1399
1417	1399
1418	1399
1419	1400
1420	1401
1421	1402
1422	1403
1423	1404
1424	1405
1425	1399
1426	1399
1427	1366
1428	1428
1429	1429
1430	1430
1431	1400
1432	1401
1433	1402
1434	1403
1435	1404
1436	1405
1437	1437
1438	1370
1439	1399
1440	1399
1441	1399
1442	1399
1443	1399
1444	1399
1445	1399
1446	1446
1447	1447
1448	1448
1449	1449
1450	1450
1451	1450
1452	10119
1453	1401
1454	1402
1455	1455
1456	1456
1457	1457
1458	1458
1459	1459
1460	1460
1461	1400
1462	1401
1463	1402
1464	1403
1465	1404
1466	1405
1467	1370
1468	1370
1469	1370
1470	1370
1471	1370
1472	1370
1473	1370
1474	1370
1475	1370
1476	1370
1477	1370
1478	1370
1479	1399
1480	1370
1481	1370
1482	1399
1483	1399
1484	1399
1485	1399
1486	1399
1487	1399
1488	1399
1489	1399
1490	1399
1491	1399
1492	1399
1493	1399
1494	1399
1495	1399
1496	1399
1497	1399
1498	1011
1499	10120
1500	1400
1501	1401
1502	1402
1503	1403
1504	1404
1505	1405
1506	1399
1507	1370
1508	1403
1509	1402
1510	1402
1511	1399
1512	1399
1513	1399
1514	1399
1515	1399
1516	1399
1517	1405
1518	1405
1519	1405
1520	1405
1521	1405
1522	1405
1523	1405
1524	1405
1525	1405
1526	1405
1527	1405
1528	1405
1529	1405
1530	1405
1531	1405
1532	1405
1533	1400
1534	1401
1535	1402
1536	1403
1537	1404
1538	1405
1539	1539
1540	1540
1541	1541
1542	1542
1543	1542
1544	1544
1545	1544
1546	1546
1547	1546
1548	1548
1549	1548
1550	1834
1551	1834
1552	1835
1553	1835
1554	1836
1555	1836
1556	1837
1557	1837
1558	1838
1559	1838
1560	1839
1561	1839
1562	1399
1563	1399
1564	1399
1565	1401
1566	1401
1567	1401
1568	1401
1569	1399
1570	1400
1571	1401
1572	1402
1573	1403
1574	1404
1575	1405
1576	1145
1577	1402
1578	1401
1579	1399
1580	1580
1581	1581
1582	1582
1583	1399
1584	1168
1585	1585
1586	1399
1587	1370
1588	1370
1589	1370
1590	1370
1591	1370
1592	1370
1593	1370
1594	1594
1595	1595
1596	1596
1597	1597
1598	1598
1599	1599
1600	1600
1601	1601
1602	1402
1603	1401
1604	1289
1605	1400
1606	1401
1607	1402
1608	1403
1609	1404
1610	1405
1611	1611
1612	1612
1613	1613
1614	1614
1615	1615
1616	1616
1617	1617
1618	1618
1619	1619
1620	1620
1621	1621
1622	336
1623	1399
1624	1624
1625	1625
1626	1626
1627	1627
1628	1621
1629	336
1630	1630
1631	1631
1632	1632
1633	1633
1634	1634
1635	1635
1636	1636
1637	1637
1638	1374
1639	1621
1640	1289
1641	1290
1642	1405
1643	1402
1644	1399
1645	1405
1646	1402
1647	1399
1648	1405
1649	1402
1650	1399
1651	1405
1652	1402
1653	1399
1654	1405
1655	1402
1656	1399
1657	1405
1658	1402
1659	1399
1660	1405
1661	1402
1662	1399
1663	1663
1664	1400
1665	1401
1666	1402
1667	1403
1668	1404
1669	1405
1670	1670
1671	1670
1672	1672
1673	1672
1674	1674
1675	1674
1676	1676
1677	1676
1678	1678
1679	1678
1680	1680
1681	1680
1682	1374
1683	1507
1684	1507
1685	1685
1686	1686
1687	1507
1688	1688
1689	1400
1690	1401
1691	1402
1692	1403
1693	1404
1694	1405
1695	1695
1696	1696
1697	1697
1698	1698
1699	1699
1700	1700
1701	1701
1702	1702
1703	1703
1704	1704
1705	1705
1706	1706
1707	1707
1708	1708
1709	1709
1710	1710
1711	1711
1712	1712
1713	1713
1714	1399
1715	1399
1716	1405
1717	1402
1718	1399
1719	1399
1720	1399
1721	1146
1722	1400
1723	1401
1724	1402
1725	1403
1726	1404
1727	1405
1728	1728
1729	1729
1730	1730
1731	1731
1732	1731
1733	1731
1734	1731
1735	1731
1736	1731
1737	1730
1738	1743
1739	1739
1740	1740
1741	1740
1742	1742
1743	1742
1744	1742
1745	1742
1746	1742
1747	1742
1748	1742
1749	1742
1750	1750
1751	1751
1752	1742
1753	1742
1754	1742
1755	1742
1756	1742
1757	1742
1758	1758
1759	1759
1760	1760
1761	1731
1762	1740
1763	1731
1764	1731
1765	1765
1766	1766
1767	1767
1768	1768
1769	1740
1770	1740
1771	1771
1772	1772
1773	1773
1774	1744
1775	1507
1776	1507
1777	1450
1778	1778
1779	1778
1780	1778
1781	1778
1782	1782
1783	1731
1784	1731
1785	1785
1786	1731
1787	1787
1788	1787
1789	1787
1790	1790
1791	1791
1792	1791
1793	1791
1794	1791
1795	1791
1796	1796
1797	1450
1798	1798
1799	1799
1800	1800
1801	1800
1802	1800
1803	1800
1804	1800
1805	1800
1806	1800
1807	1800
1808	1800
1809	1800
1810	1800
1811	1800
1812	1800
1813	1800
1814	1800
1815	1800
1816	1800
1817	1800
1818	1800
1819	1819
1820	1800
1821	1110
1822	1800
1823	1800
1824	1800
1825	1800
1826	1800
1827	1800
1828	1800
1829	1800
1830	1800
1831	1831
1832	1832
1833	1800
1834	1800
1835	1800
1836	1800
1837	1800
1838	1800
1839	1800
1840	1800
1841	1800
1842	1800
1843	1843
1844	1782
1845	1782
1846	1846
1847	1222
1848	1848
1849	1849
1850	1850
1851	1850
1852	1850
1853	1850
1854	1448
1855	1765
1856	1765
1857	1449
1858	1272
1859	1272
1860	1731
1861	1731
1862	1731
1863	1731
1864	1731
1865	1731
1866	1866
1867	1866
1868	1866
1869	1866
1870	1866
1871	1871
1872	1872
1873	1873
1874	1874
1875	1875
1876	1876
1877	1877
1878	1878
1879	1879
1880	1880
1881	1881
1882	880
1883	880
1884	880
1885	880
1886	1275
1887	1241
1888	1888
1889	1889
1890	1890
1891	1891
1892	1892
1893	880
1894	1822
1895	1823
1896	1824
1897	1825
1898	1826
1899	1827
1900	1828
1901	1829
1902	1830
1903	1840
1904	1841
1905	1405
1906	1906
1907	1907
1908	1402
1909	1399
1910	1546
1911	1676
1912	1837
1913	1913
1914	1914
1915	1913
1916	1915
1917	1916
1918	1917
1919	1539
1920	1541
1921	1507
1922	1275
1923	1278
1924	1278
1925	1541
1926	336
1927	336
1928	1541
1929	1541
1930	1541
1931	1541
1932	1841
1933	1399
1934	1399
1935	1507
1936	1507
1937	1507
1938	1507
1939	1507
1940	1507
1941	1507
1942	1507
1943	1507
1944	1507
1945	1945
1946	1945
1947	1947
1948	1947
1949	1253
1950	1402
1951	1401
1952	1621
1953	1370
1954	1168
1955	1699
1956	1374
1957	1168
1958	1699
1959	1542
1960	1676
1961	1370
1962	1370
1963	1370
1964	1370
1965	1965
1966	336
1967	1370
1968	1370
1969	1370
1970	1970
1971	1971
1972	1826
1973	1840
1974	394
1975	1370
1976	1507
1977	1370
1978	1405
1979	1405
1980	1400
1981	1981
1982	1982
1983	1983
1984	1984
1985	1985
1986	1985
1987	1987
1988	1987
1989	1370
1990	1370
1991	1370
1992	1370
1993	1370
1994	1370
1995	1400
1996	1411
1997	1411
1998	1411
1999	1411
2000	2000
2001	2001
2002	2002
2003	2003
2004	2004
2005	2005
2006	2006
2007	2007
2008	2008
2009	2009
2010	2010
2011	2011
2012	2012
2013	2013
2014	2014
2015	2015
2016	2016
2017	2017
2018	2018
2019	2019
2020	2020
2021	2021
2022	2022
2023	2023
2024	2024
2025	2025
2026	2026
2027	2027
2028	2028
2029	2029
2030	2030
2031	2031
2032	2032
2033	2033
2034	2034
2035	2035
2036	2036
2037	2037
2038	2038
2039	2039
2040	2040
2041	2041
2042	2042
2043	2043
2044	2044
2045	2045
2046	2046
2047	2047
2048	2048
2049	2049
2050	2050
2051	2051
2052	2052
2053	2053
2054	2054
2055	2055
2056	2056
2057	2057
2058	2058
2059	2059
2060	2119
2061	2119
2062	2119
2063	2119
2064	2119
2065	2119
2066	2119
2067	2119
2068	2119
2069	2119
2070	2070
2071	2071
2072	2072
2073	2073
2074	2074
2075	2075
2076	2076
2077	2077
2078	2078
2079	2079
2080	2080
2081	2081
2082	2082
2083	2083
2084	2084
2085	2085
2086	2086
2087	2087
2088	2088
2089	2089
2090	2090
2091	2091
2092	2092
2093	2093
2094	2094
2095	2095
2096	2096
2097	2097
2098	2098
2099	2099
2100	2100
2101	2101
2102	2102
2103	2103
2104	2104
2105	2105
2106	2106
2107	2107
2108	2108
2109	2109
2110	2110
2111	2111
2112	2112
2113	2113
2114	2114
2115	2115
2116	2116
2117	2117
2118	2118
2119	2119
2120	2120
2121	2121
2122	2122
2123	2123
2124	2124
2125	2125
2126	2126
2127	2127
2128	2128
2129	2129
2130	2119
2131	2131
2132	2132
2133	2133
2134	2134
2135	2135
2136	2136
2137	2137
2138	2138
2139	2139
2140	2140
2141	2141
2142	2142
2143	2143
2144	2144
2145	2145
2146	2146
2147	2147
2148	2148
2149	2149
2150	2150
2151	2151
2152	2152
2153	2153
2154	2154
2155	2155
2156	1064
2157	2157
2158	2158
2159	2159
2160	2160
2161	2161
2162	2162
2163	2163
2164	2164
2165	2165
2166	2166
2167	2167
2168	2168
2169	2169
2170	2170
2171	2171
2172	2172
2173	2173
2174	2174
2175	2175
2176	2176
2177	2177
2178	2178
2179	2179
2180	2180
2181	2181
2182	2182
2183	1197
2184	1107
2185	1108
2186	1109
2187	2187
2188	2188
2189	1202
2190	2106
2191	2181
2192	2192
2193	1832
2194	2194
2195	1180
2196	2196
2197	1220
2198	2198
2199	1179
2200	2200
2201	2201
2202	2202
2203	1209
2204	2204
2205	1225
2206	2206
2207	1099
2208	2208
2209	1194
2210	1193
2211	1191
2212	1192
2213	2213
2214	2214
2215	2215
2216	2216
2217	2217
2218	2218
2219	2219
2220	2220
2221	2221
2222	2222
2223	2223
2224	2224
2225	2225
2226	2226
2227	2227
2228	2228
2229	2229
2230	2230
2231	2231
2232	2232
2233	2233
2234	2234
2235	2235
2236	2236
2237	2237
2238	2238
2239	2239
2240	2240
2241	2241
2242	2242
2243	2243
2244	2222
2245	2224
2246	2234
2247	2242
2248	201
2249	1031
2250	1032
2251	1033
2252	1101
2253	1145
2254	1151
2255	1172
2256	1177
2257	1200
2258	1209
2259	1213
2260	1223
2261	1229
2262	1231
2263	1254
2264	1258
2265	1259
2266	1263
2267	1264
2268	1267
2269	1295
2270	2022
2271	2073
2272	2075
2273	2076
2274	2093
2275	2105
2276	2172
2277	2177
2278	2180
2279	2180
2280	2280
2281	2281
2282	2282
2283	2283
2284	2284
2285	2285
2286	2286
2287	2175
2288	2288
2289	2289
2290	2290
2291	2291
2292	2292
2293	2293
2294	2294
2295	2295
2296	2296
2297	1064
2298	2298
2299	1801
2300	1802
2301	1803
2302	1804
2303	2303
2304	2304
2305	2305
2306	2306
2307	2307
2308	2308
2309	2309
2310	2310
2311	2311
2312	2160
2313	2159
2314	2281
2315	2373
2316	1134
2317	1134
2318	1134
2319	1134
2320	1523
2321	2332
2322	768
2323	2332
2324	769
2325	1445
2326	1534
2327	2286
2328	1535
2329	1453
2330	2644
2331	2645
2332	2646
2333	2647
2334	4117
2335	4118
2336	2286
2337	2176
2338	2096
2339	2339
2340	4119
2341	2341
2342	2342
2343	2343
2344	2344
2345	2345
2346	2346
2347	2347
2348	2348
2349	2349
2350	2350
2351	2351
2352	2047
2353	2043
2354	2039
2355	2208
2356	2208
2357	2239
2358	2236
2359	1194
2360	1192
2367	2367
2368	2368
2369	2369
2370	2370
2371	2371
2372	2372
2373	2373
2374	2374
2375	2375
2376	2376
2377	2377
2378	2378
2379	2379
2380	2380
2381	2381
2382	2382
2383	2383
2384	2384
2385	1738
2386	1774
2387	1774
2388	1774
2389	1774
2390	1765
2391	1765
2392	1765
2393	1765
2394	2035
2395	2352
2396	2353
2397	2354
2399	1520
2400	1888
2401	1519
2404	2346
2405	2405
2418	2399
2419	2561
2420	2014
2421	2580
2422	2618
2423	2670
2424	1251
2425	2715
2426	2712
2427	2834
2428	2925
2429	2836
2431	2838
2433	1154
2434	2840
2435	2841
2436	2842
2437	2843
2438	2844
2439	2845
2440	2846
2441	2847
2442	2848
2443	2849
2444	2850
2445	2852
2446	2853
2447	2854
2448	2855
2449	2856
2450	2857
2451	2858
2452	2859
2453	2860
2454	2875
2455	2876
2456	2877
2457	2155
2458	2104
2500	2443
2501	2444
2502	2445
2503	2446
2504	2447
2505	2448
2506	2449
2507	1787
2508	1768
2509	1785
2510	1791
2511	2550
2512	2549
2513	2548
2514	2601
2515	2603
2516	2602
2517	2604
2518	2597
2519	2599
2520	2598
2521	2600
2522	2605
2523	2606
2524	2677
2525	2965
2526	2966
2527	2967
2528	2981
2529	2981
2530	2981
2531	2981
2532	2982
2533	2987
2534	2983
2535	2984
2536	2985
2537	2986
2539	2992
2600	2907
2601	2335
2602	2340
2603	2916
2604	2908
2605	2917
2606	2909
2607	2910
2608	2911
2609	2913
2610	2912
2611	2914
2797	2865
2798	2865
2799	2886
2800	2611
2801	2612
2802	1522
2803	2757
2804	2756
2805	2755
2806	2733
2807	2752
2808	2734
2809	2738
2810	2737
2811	2740
2812	2753
2813	2851
2814	2741
2815	2743
2816	2748
2817	2749
2818	2754
2819	2758
2820	2797
2821	2797
2822	2797
2823	2797
2824	2798
2825	2798
2826	2798
2827	2798
2828	2799
2829	2799
2830	2799
2831	2799
2832	2799
2833	2799
2834	2799
2835	2799
2836	2799
2837	2799
2838	0
2839	2799
2840	2799
2841	2799
2842	2799
2843	2799
2844	2799
2845	2799
2900	2454
2901	2455
3000	3000
3001	3001
3002	3002
3003	3003
3004	3104
3005	3005
3006	3006
3007	3007
3008	3008
3009	3009
3010	3010
3011	3011
3012	3012
3013	3013
3014	3014
3015	3015
3016	3016
3017	3017
3018	3018
3019	3019
3020	3020
3021	3021
3022	3022
3023	3023
3024	3024
3025	3025
3026	3026
3027	3027
3028	3028
3029	3029
3030	3030
3031	3031
3032	3032
3033	3033
3034	3034
3035	3035
3036	3036
3037	3037
3038	3038
3039	3039
3040	3040
3041	3041
3042	3042
3043	3043
3044	3044
3045	3045
3046	3046
3047	3047
3048	3048
3049	3049
3050	3050
3051	3051
3052	3052
3053	3053
3054	3054
3055	3055
3056	3056
3057	3057
3058	3058
3059	3059
3060	3060
3061	3061
3062	3062
3063	3063
3064	3064
3065	3065
3066	3066
3067	3067
3068	3068
3069	3069
3070	3070
3071	3071
3072	3072
3073	3073
3074	3074
3075	3075
3076	3076
3077	3077
3078	3078
3079	3079
3080	3080
3081	3081
3082	3082
3083	3083
3084	3084
3085	3085
3086	3086
3087	3087
3088	3088
3089	3089
3090	3090
3091	3091
3092	3092
3093	3093
3094	3094
3095	3095
3096	3096
3097	3097
3098	3098
3099	3099
3100	3100
3101	3101
3102	3102
3103	3103
3104	3104
3105	1500
3106	1500
3107	3107
3108	3108
3109	3109
3110	3110
3111	3111
3112	3112
3113	3113
3114	3114
3115	3115
3116	3112
3117	3117
3118	3118
3119	3119
3120	3120
3121	3121
3122	3122
3123	3123
3124	3124
3125	3125
3126	3126
3127	3127
3128	3128
3129	3129
3130	3130
3131	3131
3132	3000
3133	3001
3134	3002
3135	3135
3136	3003
3137	3005
3138	3006
3139	3007
3140	3008
3141	3009
3142	3010
3143	3011
3144	3012
3145	3013
3146	3014
3147	3015
3148	3016
3149	3017
3150	3018
3151	3020
3152	3021
3153	3022
3154	3023
3155	3024
3156	3025
3157	3026
3158	3027
3159	3028
3160	3029
3161	3030
3162	3031
3163	3032
3164	3033
3165	3034
3166	3035
3167	3036
3168	3037
3169	3038
3170	3039
3171	3040
3172	3041
3173	3042
3174	3043
3175	3044
3176	3045
3177	3046
3178	3047
3179	3048
3180	3049
3181	3050
3182	3051
3183	3052
3184	3053
3185	3054
3186	3055
3187	3056
3188	3057
3189	3059
3190	3063
3191	3064
3192	3069
3193	3070
3194	3071
3195	3072
3196	3073
3197	3074
3198	3075
3199	3078
3200	3079
3201	3080
3202	3081
3203	3082
3204	3083
3205	3084
3206	3085
3207	3086
3208	3087
3209	3088
3210	3089
3211	3090
3212	3091
3213	3092
3214	3093
3215	3094
3216	3095
3217	3096
3218	3097
3219	3098
3220	3099
3221	3100
3222	3101
3223	3102
3224	3103
3225	3108
3226	3109
3227	3110
3228	3111
3229	3112
3230	3113
3231	3114
3232	3112
3800	3000
3801	3000
3802	3000
3803	3000
4000	349
4001	4001
4002	353
4003	4003
4004	356
4005	4005
4006	291
4007	352
4008	289
4009	351
4010	293
4011	355
4012	298
4013	360
4014	409
4015	296
4016	359
4017	410
4018	272
4019	358
4020	411
4021	894
4022	893
4023	893
4024	917
4025	917
4026	894
4027	917
4028	894
4029	366
4030	362
4031	361
4032	362
4033	361
4034	363
4035	225
4036	716
4037	61
4038	705
4039	703
4040	707
4041	710
4042	711
4043	65
4044	721
4045	722
4046	656
4047	657
4048	658
4049	659
4050	660
4051	661
4052	662
4053	663
4054	664
4055	588
4056	578
4057	579
4058	581
4059	582
4060	584
4061	776
4062	777
4063	784
4064	1414
4065	1415
4066	950
4067	1513
4068	1512
4069	1513
4070	1512
4071	1513
4072	1512
4073	1513
4074	1512
4075	976
4076	973
4077	1513
4078	1512
4079	348
4080	1418
4081	1406
4082	1409
4083	302
4084	4084
4085	1419
4086	1420
4087	1421
4088	1422
4089	1423
4090	1424
4091	1425
4092	969
4093	969
4094	969
4095	971
4096	971
4097	971
4098	192
4099	915
4100	915
4101	1524
4102	1438
4103	1525
4104	1526
4105	1527
4106	798
4107	764
4108	760
4109	752
4110	754
4111	758
4112	762
4113	756
4114	765
4115	761
4116	753
4117	755
4118	759
4119	763
4120	757
4121	767
4122	767
4123	767
4124	767
4125	814
4126	1506
4127	1528
4128	1528
4129	987
4130	988
4131	989
4132	993
4133	2532
4134	2533
4135	2535
4136	2535
4137	2535
4138	2535
4139	2536
4140	2536
4141	2536
4142	2536
4143	2537
4144	2537
4145	2537
4146	2537
4147	2538
4148	2538
4149	2538
4150	2538
4151	2532
4152	1989
4153	1990
4154	1991
4155	1992
4156	1993
4157	1994
4158	1995
4159	1996
4160	1997
4161	2557
4162	2557
4163	2557
4164	2557
4165	2559
4166	2558
4167	2560
4168	2564
4169	2565
4170	2565
4171	2565
4172	2565
4173	2566
4174	2567
4175	2568
4176	2569
4177	2569
4178	2570
4179	2570
4180	2609
4181	2609
4182	2607
4183	2607
4184	2610
4185	2610
4186	2608
4187	2608
4188	2616
4189	1524
4190	1525
4191	1526
4192	1527
4193	2558
4194	2562
4195	2652
4196	2653
4197	2572
4198	2572
4199	2581
4200	2596
4201	2614
4202	2614
4203	2614
4204	2614
4205	2615
4206	2615
4207	2615
4208	2615
4209	1414
4210	1414
4211	1414
4212	1415
4213	1415
4214	1415
4215	2616
4216	2632
4217	2633
4218	2634
4219	2632
4220	2633
4221	2634
4222	2635
4223	2636
4224	2637
4225	2635
4226	2636
4227	2637
4228	2638
4229	2639
4230	2640
4231	2638
4232	2639
4233	2640
4234	2641
4235	2642
4236	2643
4237	2641
4238	2642
4239	2643
4240	2661
4241	2684
4242	2684
4243	2684
4244	2684
4245	2686
4246	2686
4247	2686
4248	2686
4249	2683
4250	2683
4251	2683
4252	2683
4253	2685
4254	2685
4255	2685
4256	2685
4257	2802
4258	2802
4259	2801
4260	2801
4261	2804
4262	2805
4263	2807
4264	2808
4265	2884
4266	2884
4267	2885
4268	2885
4269	2883
4270	2887
4271	2887
4272	2888
4273	2888
4274	2889
4275	2889
4276	2892
4277	2892
4278	2893
4279	2893
4280	2894
4281	2894
4282	2890
4283	2890
4284	2891
4285	2891
4286	2895
4287	2895
4288	2896
4289	2896
4290	656
4291	657
4292	658
4293	659
4294	660
4295	661
4296	662
4297	663
4298	664
4299	588
4300	2900
4301	2900
4302	2901
4303	2901
4304	2902
4305	2903
4306	2915
4307	2904
4308	2901
4309	2918
4310	2919
4311	2920
4312	2918
4313	2919
4314	2920
4315	2926
4316	2933
4317	2933
4318	2935
4319	2935
4320	2934
4321	2934
4322	2936
4323	2936
4324	4058
4325	4059
4326	2943
4327	2938
4328	2939
4329	2940
4330	2941
4331	2945
4332	2947
4333	2946
4334	2948
4335	2949
4336	2950
4337	2951
4338	2952
4339	2953
4340	2957
4341	2957
4342	2957
4343	2962
4344	2958
4345	2963
4346	4042
4347	4043
4348	4050
4349	4060
4350	2959
4351	2960
4352	2961
4353	2959
4354	2960
4355	2961
4356	2973
4357	2974
4358	2975
4359	2976
4360	2977
4361	2978
4362	2979
4363	2980
4364	2993
4365	2993
4366	2994
4367	2994
4368	2995
4369	2996
4370	2997
4371	2995
4372	2996
4373	2997
4374	4006
4375	4006
4376	4007
4377	4007
4378	429
4379	4008
4380	4008
4381	4010
4382	4010
4383	4011
4384	4011
4385	4046
4386	4046
4387	4047
4388	4047
4389	4044
4390	4044
4391	4045
4392	4045
4393	4056
4394	4056
4395	4057
4396	4057
4397	4088
4398	4089
4399	4075
4400	4076
4401	4075
4402	4076
4403	4077
4404	4077
4405	4078
4406	4094
4407	4101
4408	4099
4409	4099
4410	4098
4411	4098
4412	4102
4413	4103
4414	4104
4415	4105
4416	4110
4417	4122
4418	4114
4419	4114
4420	4114
4421	4114
4422	4115
4423	4115
4424	4115
4425	4115
4426	4111
4427	4111
4428	4111
4429	4111
4430	4112
4431	4112
4432	4112
4433	4112
4434	4123
4435	4123
4436	4124
4437	4126
4438	4127
4439	4127
4440	4128
4441	4128
4442	4129
4443	4129
4485	4093
4486	4048
4487	2708
4488	2707
4489	2706
4490	2657
4491	2656
4492	2655
4493	2654
4494	2588
4495	2589
4496	2590
4497	2588
4498	2589
4499	2590
4500	2544
4501	2545
4502	2546
4503	2551
4504	2582
4699	2701
4700	2648
4701	2649
4702	2660
4703	2673
4704	2687
4705	2879
4706	2879
4707	2879
4708	2879
4709	2880
4710	2880
4711	2880
4712	2880
4713	2881
4714	2881
4715	2881
4716	2881
4717	302
4718	302
4719	4014
4720	4012
4721	4013
4722	4016
4723	4012
4724	4013
4725	4015
4726	4017
4727	4017
4728	4018
4729	4019
4730	4020
4731	4021
4732	4022
4733	4023
4734	4024
4735	4025
4736	4026
4737	4029
4738	4031
4739	4031
4740	4032
4741	4031
4742	4032
4743	4033
4744	4032
4745	4032
4746	4033
4747	4034
4748	4035
4749	4036
4750	4037
4751	4038
4752	4039
4753	4040
4754	4041
4755	4049
4756	4014
4757	4029
4758	4061
4759	4062
4760	4063
4761	4064
4762	4065
4763	4066
4764	4067
4765	4068
4766	4069
4767	4070
4768	4071
4769	4072
4770	4073
4800	2573
4801	2579
4802	2574
4803	2575
4804	2623
4805	2624
4806	2625
4807	2672
4808	2681
4809	2682
4810	2694
4811	2695
4812	2697
4813	2709
4814	2710
4815	2711
4816	849
4817	2726
4818	2729
4819	2732
4820	2790
4821	2789
4822	2803
4823	2806
4824	2809
4825	2810
4826	2811
4827	2811
4828	2812
4829	2812
4835	2829
4836	2828
4837	2827
4838	2770
4839	2826
4840	2825
4841	2822
4842	2823
4843	2824
4844	707
4845	722
4846	225
4847	985
4848	416
4849	419
4850	422
4851	298
4852	296
4853	272
4854	360
4855	358
4856	359
4857	290
4858	268
4859	294
4860	262
4861	292
4862	265
4863	402
4864	408
4865	405
4866	349
4867	356
4868	353
4869	2428
4871	2430
4872	2431
4873	2432
4874	2433
4875	2434
4876	2435
4877	2436
4878	2437
4879	2438
4880	2439
4881	2440
4882	2418
4883	2419
4884	2421
4885	2422
4886	2424
4887	2425
4888	2464
4889	2406
4890	2466
4891	2407
4892	2468
4893	2408
4894	2409
4895	2410
4896	2412
4897	2413
4898	2415
4899	2416
4900	2464
4901	2406
4902	2465
4903	2466
4904	2407
4905	2467
4906	2468
4907	2408
4908	2469
4909	2409
4910	2410
4911	2411
4912	2412
4913	2413
4914	2414
4915	2415
4916	2416
4917	2417
4918	2418
4919	2419
4920	2420
4921	2421
4922	2422
4923	2423
4924	2424
4925	2425
4926	2426
4927	2427
4928	2428
4929	2429
4930	2430
4931	2431
4932	2432
4933	2433
4934	2434
4935	2435
4936	2436
4937	2437
4938	2438
4939	2439
4940	2440
4941	2781
4942	2786
4943	2787
4944	2788
4945	2782
4946	2783
4947	2784
4948	2785
4949	2774
4950	2775
4951	2776
4952	2777
4953	2778
4954	2779
4955	2762
4956	2763
4957	2764
4958	2759
4959	2760
4960	2761
4961	2780
4962	2765
4963	2766
4964	2767
4965	2768
4966	2769
4967	2770
4968	2771
4969	2772
4970	2773
4971	2793
4972	2795
4973	2794
4974	2796
4975	2791
4976	2792
4977	2800
4978	2815
4979	2818
4980	2814
4981	2813
4982	2817
4983	2816
4984	2819
4985	2821
4986	2820
4987	4049
4988	2930
4990	578
4991	579
4992	581
4993	582
4994	584
5001	1405
5002	1411
5003	1400
5004	1744
5005	1744
5006	1744
5007	1744
5008	1413
5009	336
5010	1368
5011	1134
5012	1380
5013	1385
5014	1743
5015	1743
5016	1743
5017	1743
5018	1744
5019	1370
5020	1370
5021	1370
5022	1370
5023	1370
5024	1370
5025	1370
5026	1370
5027	1370
5028	1370
5029	1370
5030	1370
5031	1370
5032	1370
5033	1370
5034	1400
5035	1209
5036	1200
5037	2142
5038	2106
5039	1730
5040	1621
5041	1507
5042	1507
5043	1507
5044	1370
5045	1370
5046	1370
5047	1370
5048	1370
5049	1370
5050	1405
5051	1405
5052	1542
5053	1541
5054	1541
5055	1541
5056	1541
5057	1541
5058	1541
5059	1541
5060	1508
5061	1509
5062	1509
5063	1370
5064	1511
5065	1507
5066	1510
5067	1772
5068	1699
5069	1743
5070	1744
5071	1399
5072	1399
5073	1370
5074	1370
5075	1370
5076	1374
5077	1743
5078	1744
5079	1399
5080	1370
5081	1399
5082	1399
5083	1743
5084	1518
5085	2096
5086	1374
5087	1687
5088	1399
5089	1400
5090	1399
5091	4091
5092	1973
5093	1510
5094	1507
5095	1370
5096	1507
5097	1743
5098	1744
5099	1743
5100	1743
5101	1744
5102	1744
5103	1399
5104	1744
5105	1643
5106	1744
5107	4085
5108	4086
5109	4087
5110	1407
5111	1743
5112	1743
5113	1743
5114	1743
5115	1366
5116	1507
5117	1417
5118	336
5119	1426
5120	1431
5121	1743
5122	1743
5123	1743
5124	1744
5125	1743
5126	1399
5127	1399
5128	1399
5129	1399
5130	1432
5131	1743
5132	1744
5133	1507
5134	1507
5135	1507
5136	1507
5137	1743
5138	1743
5139	1507
5140	1440
5141	1439
5142	1441
5143	1442
5144	1443
5145	1880
5146	1444
5147	1743
5148	1744
5149	1507
5150	1743
5151	1744
5152	1433
5153	336
5154	1744
5155	1507
5156	2398
5157	1507
5158	1743
5159	1744
5160	1743
5161	1744
5162	1744
5163	1507
5164	1401
5165	1621
5166	1399
5167	1743
5168	1744
5169	1744
5170	1744
5171	1743
5172	1744
5173	2463
5174	1743
5175	1374
5176	1374
5177	1374
5178	1374
5179	1374
5180	1374
5181	1744
5182	1744
5183	1507
5184	1507
5185	1507
5186	1507
5187	1507
5188	1507
5189	1507
5190	1507
5191	1744
5192	2281
5193	766
5194	1296
5195	1362
5196	770
5197	336
5198	1744
5199	1744
5200	1743
5201	1744
5202	1507
5203	931
5204	1743
5205	1744
5206	1743
5207	1529
5208	1530
5209	1536
5210	1537
5211	1538
5212	1531
5213	1507
5214	1510
5215	2002
5216	2200
5217	1532
5218	1533
5219	1744
5220	1743
5221	1744
5222	1743
5223	1744
5224	1744
5225	1744
5226	1501
5227	336
5228	1502
5229	336
5230	1744
5231	1743
5232	1503
5233	336
5234	1504
5235	336
5236	1505
5237	336
5238	1501
5239	336
5240	1502
5241	336
5242	1744
5243	1743
5244	1744
5245	1744
5246	1507
5247	1743
5248	1507
5249	1744
5250	1743
5251	1507
5252	1744
5253	1743
5254	1744
5255	1744
5256	1744
5257	1744
5258	2534
5259	1099
5260	1190
5261	1743
5262	2341
5263	1743
5264	1743
5265	1743
5266	1744
5267	1507
5268	1507
5269	1743
5270	1743
5271	1743
5272	1744
5273	1743
5274	1744
5275	1743
5276	1744
5277	1743
5278	1744
5279	1744
5280	1507
5281	1743
5282	1400
5283	1744
5284	1743
5285	1744
5286	1743
5287	1621
5288	2532
5289	1743
5290	1744
5291	1743
5292	1744
5293	1744
5294	1744
5295	1743
5296	1743
5297	1744
5298	1743
5299	1744
5300	1743
5301	2571
5302	1402
5303	1401
5304	1507
5305	1743
5306	1743
5307	1743
5308	1102
5309	1744
5310	1743
5311	1744
5312	1743
5313	1402
5314	1743
5315	1744
5316	1402
5317	1744
5318	1743
5319	2591
5320	336
5321	2592
5322	336
5323	2593
5324	336
5325	1743
5326	1743
5327	1744
5328	1744
5329	1744
5330	2594
5331	336
5332	2595
5333	1744
5334	1743
5335	1743
5336	1744
5337	1743
5338	1289
5339	1290
5340	1291
5341	1743
5342	1546
5343	1676
5344	1542
5345	1670
5346	1401
5347	1402
5348	1403
5349	1370
5350	1744
5351	1743
5352	1743
5353	1744
5354	1743
5355	1744
5356	1401
5357	1743
5358	1401
5359	1402
5360	2619
5361	336
5362	1744
5363	1744
5364	1743
5365	1744
5366	1743
5367	1401
5368	1744
5369	2620
5370	2621
5371	1401
5372	2622
5373	1743
5374	1401
5375	1744
5376	1743
5377	1743
5378	1743
5379	1743
5380	1401
5381	1744
5382	1743
5383	1743
5384	1743
5385	1744
5386	2626
5387	2627
5388	2628
5389	2629
5390	2630
5391	2631
5392	336
5393	336
5394	336
5395	336
5396	336
5397	336
5398	1743
5399	1744
5400	1289
5401	1290
5402	1291
5403	1743
5404	1744
5405	1743
5406	1744
5407	1743
5408	1744
5409	1744
5410	1743
5411	1744
5412	1744
5413	1744
5414	1744
5415	1743
5416	1743
5417	1743
5418	1370
5419	1370
5420	1370
5421	1370
5422	1134
5423	1743
5424	1744
5425	1744
5426	1744
5427	1744
5428	1744
5429	1744
5430	1744
5431	2650
5432	2651
5433	1744
5434	1744
5435	1744
5436	1744
5437	1744
5438	1744
5439	1744
5440	1744
5441	1370
5442	1744
5443	1744
5444	1744
5445	1744
5446	1744
5447	1744
5448	1744
5449	1744
5450	1744
5451	1744
5452	1744
5453	1744
5454	1744
5455	1744
5456	1744
5457	1744
5458	1744
5459	1744
5460	1744
5461	1744
5462	1744
5463	1744
5464	1744
5465	1744
5466	1744
5467	1744
5468	1744
5469	1744
5470	1744
5471	1744
5472	1744
5473	1744
5474	1744
5475	1744
5476	1744
5477	1744
5478	1744
5479	1744
5480	1744
5481	1744
5482	1744
5483	1744
5484	1744
5485	1744
5486	1399
5487	1399
5488	1744
5489	1744
5490	1744
5491	1744
5492	1744
5493	1744
5494	1744
5495	1744
5496	1744
5497	1744
5498	2658
5499	2659
5500	2547
5501	1102
5502	2144
5503	2552
5504	2553
5505	2554
5506	2555
5507	2556
5508	417
5509	423
5510	420
5511	2563
5512	2583
5513	1102
5514	2584
5515	2585
5516	2586
5517	1731
5518	2587
5519	2617
5520	1744
5521	1744
5522	1744
5523	1744
5524	2688
5525	1744
5526	1744
5527	1744
5528	1744
5529	1744
5530	1744
5531	1744
5532	1744
5533	1744
5534	1744
5535	1744
5536	1744
5537	1744
5538	1744
5539	1744
5540	1744
5541	1744
5542	1744
5543	1744
5544	1744
5545	1744
5546	1744
5547	1744
5548	1744
5549	1744
5550	1744
5551	1744
5552	2727
5553	2730
5554	1744
5555	1744
5556	1744
5557	1744
5558	1744
5559	1744
5560	2731
5561	1744
5562	1744
5563	1744
5564	1744
5565	1744
5566	1744
5567	1744
5568	1744
5569	1744
5570	1744
5571	1744
5572	1743
5573	1744
5574	1744
5575	1744
5576	1744
5577	1744
5578	1744
5579	1744
5580	1744
5581	1743
5582	1242
5583	1243
5584	1244
5585	1744
5586	1744
5587	1744
5588	1744
5589	1744
5590	1744
5591	2882
5592	1743
5593	1744
5594	1744
5595	1744
5596	1744
5597	1744
5598	1405
5599	1743
5600	1744
5601	1744
5602	1744
5603	1744
5604	1743
5605	1744
5606	1744
5607	1744
5608	1744
5609	2898
5610	1743
5611	1744
5612	1744
5613	1822
5614	1823
5615	1824
5616	1825
5617	1826
5618	1827
5619	1828
5620	1829
5621	1830
5622	1840
5623	1841
5624	1744
5625	1744
5626	1744
5627	1744
5628	1744
5629	1744
5630	1744
5631	1744
5632	1744
5633	1744
5634	1743
5635	1744
5636	1744
5637	1744
5638	1743
5639	1743
5640	1744
5641	1744
5642	1744
5643	1744
5644	1744
5645	1744
5646	1744
5647	1744
5648	1744
5649	1744
5650	1744
5651	1744
5652	1744
5653	1744
5654	1744
5655	4092
5656	1744
5657	1744
5658	1744
5659	1744
5660	1744
5661	1744
5662	1744
5663	1744
5664	1744
5665	1744
5666	1744
5667	1744
5668	1744
5669	1744
5670	1744
5671	1744
5672	1744
5673	1744
5674	1744
5675	1272
5676	1275
5677	1278
5678	1115
5679	1116
5680	1744
5681	1744
5682	1743
5683	1744
5684	1743
5685	1744
5686	1743
5687	1744
5688	1744
5689	1744
5690	1744
5691	1744
5692	1744
5693	1744
5694	1744
5695	1744
5696	1744
5697	1744
5698	1744
5699	1744
5700	1744
5701	1744
5702	4074
5703	1744
5704	1744
5705	1744
5706	1744
5707	1744
5708	1744
5709	1744
5710	1744
5711	530
5712	4097
5713	4096
5714	4095
5715	1744
5716	4100
5717	1744
5718	1744
5719	1744
5720	1744
5721	1744
5722	4106
5723	4107
5724	4108
5725	4109
5726	4106
5727	4107
5728	4108
5729	1744
5730	4121
5731	4120
5732	4116
5733	4113
5734	302
5735	4125
5736	1744
5737	4130
5738	4133
5739	4133
5740	4133
5741	4133
5742	1744
5743	4131
5744	4132
5826	1744
5827	4051
5828	4052
5829	4053
5830	4054
5831	4055
5832	1744
5833	4009
5834	2999
5835	336
5836	2991
5837	2998
5838	2989
5839	2990
5840	2968
5841	2969
5842	302
5843	2970
5844	2971
5845	2972
5846	2964
5847	1699
5848	1699
5849	1850
5850	2927
5851	2928
5852	2929
5853	2923
5854	2924
5855	2922
5856	2921
5857	2905
5858	2868
5859	2833
5860	2863
5861	2864
5862	2861
5863	2862
5864	2865
5865	2866
5866	2867
5867	2868
5868	2869
5869	2870
5870	2871
5871	2587
5872	2873
5873	2874
5874	2899
5875	2835
5876	2837
5877	2839
5878	1743
5879	2739
5880	2742
5881	2736
5882	2751
5883	2750
5884	2746
5885	2744
5886	2745
5887	2747
5888	1743
5889	1621
5890	1399
5891	2717
5892	2725
5893	2723
5894	2720
5895	2724
5896	2722
5897	2719
5898	2721
5899	2718
5900	2441
5901	2442
5902	2587
5903	2188
5904	2906
5909	1850
5910	2450
5911	2451
5912	1849
5913	1778
5914	2452
5915	336
5916	2456
5917	2457
5918	2458
5919	2459
5920	2460
5921	2461
5922	2462
5923	2453
5924	1150
5925	2181
5926	1159
5927	1199
5928	1199
5929	2456
5930	1199
5931	2578
5932	2577
5933	1363
5934	2613
5935	1244
5936	1246
5937	1247
5938	1248
5939	1249
5940	1058
5941	1402
5942	1332
5943	1336
5944	1154
5945	1460
5946	1459
5947	1966
5948	1967
5949	1968
5950	1969
5951	2931
5952	929
5953	1438
5954	4084
5955	445
5956	2572
5957	2932
5958	302
5959	1060
5960	302
5961	302
5962	2662
5963	2663
5964	2664
5965	2665
5966	2666
5967	2667
5968	2668
5969	2669
5970	2674
5971	2675
5972	2676
5974	2678
5975	2679
5976	2680
5977	2698
5978	2696
5979	2690
5980	2691
5981	2692
5982	2693
5983	2699
5984	2704
5985	2702
5986	2703
5987	2705
5988	2702
5989	2702
5990	2716
5991	2713
5992	2714
5993	1744
5994	1744
5995	1744
5996	1450
5997	2944
5998	336
5999	2942
8001	180
8002	181
8003	182
8004	804
8005	274
8006	275
8007	276
8008	277
8009	274
8010	275
8011	276
8012	277
8013	337
8014	338
8015	339
8016	340
8017	341
8018	342
8019	343
8020	344
8021	345
8022	346
8023	348
8024	361
8025	362
8026	363
8027	366
8028	367
8029	368
8030	371
8031	372
8032	373
8033	397
8034	398
8035	399
8036	425
8037	426
8038	427
8039	428
8040	429
8041	441
8042	442
8043	444
8044	446
8045	447
8046	450
8047	451
8048	452
8049	453
8050	454
8051	455
8052	456
8053	457
8054	478
8055	479
8056	480
8057	457
8058	457
8059	478
8060	478
8061	479
8062	479
8063	480
8064	480
8065	536
8066	537
8067	538
8068	451
8069	452
8070	453
8071	450
8072	451
8073	452
8074	453
8075	446
8076	454
8077	455
8078	456
8079	446
8080	454
8081	455
8082	456
8083	888
8084	929
8085	930
8086	943
8087	950
8088	969
8089	971
8090	973
8091	973
8092	973
8093	976
8094	976
8095	976
8096	921
8097	981
8098	981
8099	981
8100	981
8101	4000
8102	4000
8103	4000
8104	4000
8105	656
8106	657
8107	658
8108	659
8109	660
8110	661
8111	662
8112	663
8113	664
8114	588
8115	784
8116	1513
8117	1512
8118	1513
8119	1512
8120	1513
8121	1512
8122	1513
8123	1512
8124	1418
8125	4084
8126	1419
8127	1420
8128	1421
8129	1422
8130	1423
8131	1424
8132	1425
8133	764
8134	760
8135	752
8136	754
8137	758
8138	762
8139	756
8140	765
8141	761
8142	753
8143	755
8144	759
8145	763
8146	757
8147	767
8148	767
8149	767
8150	767
8151	814
8152	1506
8153	987
8154	988
8155	989
8156	993
8157	2557
8158	2557
8159	2557
8160	2557
8161	2558
8162	2560
8163	2564
8164	2565
8165	2565
8166	2565
8167	2565
8168	2569
8169	2569
8170	2570
8171	2570
8172	2609
8173	2609
8174	2607
8175	2607
8176	2610
8177	2610
8178	2608
8179	2608
8180	2616
8181	2652
8182	2653
8183	2581
8184	2596
8185	2614
8186	2614
8187	2614
8188	2614
8189	2615
8190	2615
8191	2615
8192	2615
8193	1414
8194	1414
8195	1414
8196	1415
8197	1415
8198	1415
8199	2684
8200	2684
8201	2684
8202	2684
8203	2686
8204	2686
8205	2686
8206	2686
8207	2683
8208	2683
8209	2683
8210	2683
8211	2685
8212	2685
8213	2685
8214	2685
8215	2802
8216	2802
8217	2801
8218	2801
8219	2648
8220	2649
8221	2660
8222	2673
8223	2687
8224	2573
8225	2574
8226	2575
8227	2623
8228	2624
8229	2625
8230	2672
8231	2681
8232	2682
8233	2694
8234	2695
8235	2697
8236	2709
8237	2710
8238	2711
8239	2726
8240	2729
8241	2732
8242	2790
8243	2789
8244	2803
8245	2806
8246	2809
8247	2810
8248	2885
8249	2885
8250	2884
8251	2884
8252	2887
8253	2887
8254	2888
8255	2888
8256	2889
8257	2889
8258	2892
8259	2892
8260	2893
8261	2893
8262	2894
8263	2894
8264	2891
8265	2891
8266	2890
8267	2890
8268	2895
8269	2895
8270	2896
8271	2896
8272	450
8273	2900
8274	2900
8275	2901
8276	2901
8277	546
8278	543
8279	2812
8280	2811
8281	2902
8282	2903
8283	2915
8284	2883
8285	2918
8286	2919
8287	2920
8288	2918
8289	2919
8290	2920
8291	2926
8292	2933
8293	2933
8294	2935
8295	2935
8296	2934
8297	2934
8298	2936
8299	2936
8300	2943
8301	2941
8302	2950
8303	2951
8304	2952
8305	2953
8306	2957
8307	2957
8308	2957
8309	2958
8310	2962
8311	2963
8312	2973
8313	2974
8314	2975
8315	2976
8316	2977
8317	2978
8318	2979
8319	2980
8320	2993
8321	2993
8322	2994
8323	2994
8324	2995
8325	2996
8326	2997
8327	2995
8328	2996
8329	2997
8330	4006
8331	4006
8332	4007
8333	4007
8334	4008
8335	4008
8336	429
8337	4010
8338	4010
8339	4011
8340	4011
8341	4042
8342	4043
8343	4046
8344	4046
8345	4047
8346	4047
8347	4044
8348	4044
8349	4045
8350	4045
8351	4050
8352	4056
8353	4056
8354	4057
8355	4057
8356	4058
8357	4059
8358	4060
8359	4076
8360	4076
8361	4077
8362	4077
8363	4075
8364	4075
8365	4088
8366	4089
8367	4078
8368	2701
8369	4094
8370	4099
8371	4099
8372	4098
8373	4098
8374	4101
8375	4103
8376	4104
8377	4105
8378	4110
8379	4122
8380	4123
8381	4123
8382	4114
8383	4114
8384	4111
8385	4111
8386	4115
8387	4115
8388	4112
8389	4112
8390	4124
8391	4128
8392	4128
8393	4127
8394	4127
8395	4129
8396	4129
9001	1002
9002	1003
9003	1004
9004	1005
9005	1006
9006	1007
9007	1008
9008	1009
9009	1010
9010	1084
9011	1085
9012	1103
9013	1117
9014	1118
9015	1119
9016	1120
9017	1122
9018	1141
9019	1142
9020	1246
9021	1247
9022	1248
9023	1249
9024	1272
9025	1272
9026	1275
9027	1275
9028	1275
9029	1278
9030	1278
9031	1332
9032	1333
9033	1334
9034	1335
9035	1336
9036	1337
9037	1338
9038	1339
9039	1365
9040	1366
9041	10119
9042	1011
9043	10120
9044	1585
9045	1685
9046	1686
9047	1272
9048	1880
9049	1881
9050	1888
9051	1889
9052	1890
9053	1891
9054	1906
9055	1907
9056	1278
9057	1945
9058	1965
9059	1983
9060	1984
9061	1985
9062	1985
9063	1987
9064	1987
9065	1413
9066	1508
9067	1509
9068	1509
9069	1687
9070	1417
9071	1426
9072	1432
9073	1433
9074	1296
9075	1362
9076	770
9077	931
9078	1503
9079	1504
9080	1505
9081	1501
9082	1502
9083	2591
9084	2592
9085	2593
9086	2594
9087	2595
9088	2619
9089	2622
9090	2627
9091	2628
9092	2629
9093	2630
9094	2631
9095	2650
9096	2651
9097	2658
9098	2659
9099	2730
9100	2731
9101	2725
9102	2723
9103	2720
9104	2724
9105	2722
9106	2719
9107	2721
9108	2718
9109	2578
9110	2577
9111	2882
9112	2899
9113	2921
9114	336
9115	2944
9116	2621
9117	2969
9118	2989
9119	2990
9120	2998
9121	2999
9122	336
9123	1272
9124	1275
9125	1278
9126	1115
9127	1116
9128	4009
9129	1244
9130	1219
9131	1030
9132	4051
9133	4052
9134	4053
9135	4054
9136	4055
9137	4074
9138	4097
9139	4109
9140	4095
9141	4131
9600	2470
9601	2471
9602	2472
9603	2473
9604	2474
9605	2475
9606	2476
9607	2477
9608	2478
9609	2479
9610	2480
9611	2481
9612	2482
9613	2483
9614	2484
9615	2485
9616	2486
9617	2487
9618	2488
9619	2488
9620	2488
9621	2488
9622	2488
9623	2488
9624	2488
9625	2488
9626	2488
9627	2488
9628	2488
9629	2488
9630	2488
9631	2488
9632	2488
9633	2488
9634	2488
9635	2488
9636	2488
9637	2489
9638	2489
9639	2489
9640	2489
9641	2489
9642	2490
9643	2490
9644	2490
9645	2490
9646	2490
9647	2491
9648	2491
9649	2491
9650	2491
9651	2491
9652	2492
9653	2492
9654	2492
9655	2493
9656	2493
9657	2493
9658	2493
9659	2493
9660	2494
9661	2494
9662	2494
9663	2494
9664	2494
9665	2495
9666	2495
9667	2495
9668	2495
9669	2495
9670	2496
9671	2496
9672	2496
9673	2496
9674	2496
9675	2497
9676	2498
9677	2499
9678	2500
9679	2501
9680	2501
9681	2501
9682	2501
9683	2501
9684	2501
9685	2502
9686	2502
9687	2502
9688	2503
9689	2503
9690	2503
9691	2504
9692	2504
9693	2504
9694	2505
9695	2505
9696	2506
9697	2506
9698	2501
9699	2501
9700	2501
9701	2501
9702	2501
9703	2501
9704	2502
9705	2502
9706	2502
9707	2503
9708	2503
9709	2503
9710	2504
9711	2504
9712	2504
9713	2505
9714	2505
9715	2506
9716	2506
9717	2512
9718	2513
9719	2514
9720	2515
9721	2516
9722	2517
9723	2518
9724	2519
9725	2520
9726	2521
9727	2522
9728	2523
9729	2524
9730	2525
9731	2526
9732	2508
9733	2508
9734	2508
9735	2508
9736	2508
9737	2509
9738	2509
9739	2509
9740	2509
9741	2509
9742	2510
9743	2510
9744	2510
9745	2510
9746	2510
9747	2511
9748	2511
9749	2511
9750	2511
9751	2511
9752	2540
9753	2539
9754	2541
9755	2542
9756	2543
9757	4134
10001	2015
10002	2016
10003	2017
10004	2018
10005	2019
10006	2020
10007	2021
10008	2026
10009	2027
10010	2070
10011	2071
10012	2072
10013	2077
10014	2078
10015	2088
10016	2089
10017	2129
10018	2131
10019	2132
10020	2133
10021	2134
10022	1064
10023	2157
10024	2158
10025	2161
10026	2162
10027	2168
10028	2173
10029	2174
10030	2187
10031	2280
10032	2288
10033	2289
10034	2290
10035	2291
10036	2292
10037	2293
10038	2298
10039	1801
10040	1802
10041	1803
10042	1804
10043	2304
10044	2305
10045	2306
10046	2309
10047	2310
10048	2160
10049	2159
10050	1453
10051	2350
10052	2351
10053	2373
10054	2374
10055	2375
10056	2376
10057	2377
10058	2378
10059	2399
10060	2580
10061	2987
10062	2983
10063	2984
10064	2985
10065	2986
10066	2992
